[[ 4.77622650e+02  5.41260019e+01  4.10126207e+02  4.98146086e+02
   3.43747396e+00  5.69532790e+02  7.09089070e+02  9.10094756e+01
   3.28368860e+02  3.90933363e+01  4.90233821e+02 -8.84776020e-01
   1.84238496e+01  2.89228946e+02  2.19555450e+02  1.31999614e+02
  -3.03417753e+00 -2.51858513e+00  3.17296120e+00  4.79077697e+01
  -3.27249140e+00 -3.31557080e+00  1.11587711e+01 -3.30402265e+00
   7.16554702e+02  5.71653116e+02  7.51166635e+01  8.43379942e+02
   1.19734089e+02  5.07072729e+01  7.12365814e+02  1.89932185e+02
   7.05914861e+01  7.15444718e-01  2.37904308e+00  5.43806915e+01
   3.43254166e+00  6.78936991e+02  1.63031655e+02  2.73972879e+01
  -3.23896360e+00 -2.96706869e+00 -3.39704629e+00 -3.31025394e+00
   3.74720122e+00 -4.74977245e-01  9.74032333e+01 -3.66596152e+00
   1.02286892e+01  3.66873508e+00 -1.71955791e+00 -1.52633395e+00
  -1.65275687e+00 -1.51241427e+00  1.39725173e+01 -2.10104003e+00
  -1.49805927e+00  6.44527438e+00 -2.39378441e+00 -1.73812487e-01
   4.03277369e+01 -2.16733478e+00  1.53429165e+01  1.69438421e+02
  -4.23168465e+00 -4.19372548e+00 -4.08804589e+00 -3.93356762e+00
  -3.88581110e+00 -3.96840842e+00 -3.51687081e+00 -1.16089587e+00]
 [ 8.20818926e+02 -3.79639000e-01  0.00000000e+00  3.07206005e+02
   2.08393938e+00 -1.00000000e-01  1.55545100e+00  2.15877006e+00
   1.27614813e+02  1.88936581e+02  3.40412744e+01  3.02115358e+01
   2.64986761e+01  2.53178040e+01  2.19313450e+01 -1.30297147e+00
  -3.29027278e+00 -1.66553676e+00 -3.76367467e+00 -3.24934825e+00
  -3.31668576e+00 -3.79292515e+00 -2.33832933e+00 -3.46710348e+00
   1.00000000e+03  6.21392035e+02  1.59961515e+02  3.46667103e+02
   3.68257539e+01  5.10219472e+01  1.23778029e+02 -6.46529052e-01
   4.86036695e+02  1.86540063e+02 -1.87310456e+00  4.26272996e+02
   2.38181458e+02  4.21369822e+02  2.34175263e+02  1.76977216e+02
  -3.28541808e+00  8.12940832e+01 -3.30748247e+00 -3.22634000e+00
  -2.97410036e+00 -3.46635691e+00 -3.00157379e+00 -3.81681705e+00
   1.48031641e+02 -1.73553362e+00 -1.97780681e+00  2.48688859e+02
  -1.64205433e+00 -2.08289377e+00 -2.09130606e+00 -2.10023857e+00
   2.44988845e+01  1.93636024e+02 -2.24973047e+00 -1.82829456e+00
   4.14505519e+02  3.93215698e+01 -2.30623175e+00 -1.70755741e-01
  -3.95919707e+00 -4.00093940e+00 -4.09880437e+00 -3.76293946e+00
   2.54318935e+01 -1.28310073e+00 -3.58493872e+00 -3.18087516e+00]
 [ 4.39485812e+02  5.83312649e+02  0.00000000e+00  9.99999742e+02
   6.32330425e+02  9.80000000e+00  1.34218486e+02 -3.80521090e-01
   4.90406645e+02  2.32178642e+00  2.78619592e+02  4.02152128e+02
   2.89341446e+02  2.26147846e+01  1.66727123e+01  3.46258938e+01
  -1.48976286e+00 -1.60898365e-01 -3.55109448e+00 -3.29448254e+00
   7.04995124e+00 -3.75046846e+00 -3.64442139e+00 -3.42552266e+00
   8.50889750e+02  9.42106032e+02  7.40150297e+02  4.75717870e+02
   6.46141894e+02  1.47824964e+02  3.64595232e+01 -7.57945350e-01
   4.00189795e+01  6.56577650e+01  5.94884400e+01  4.75712162e+02
   5.43692845e+01  3.55172653e+02  5.17020575e+02  3.94392288e+02
  -3.28917147e+00 -2.60016127e+00  1.43244485e+01 -1.55840022e+00
  -2.02424930e+00 -3.22866431e+00 -3.09360332e+00  1.95846571e+01
  -6.94807935e-01  5.17215984e+01  9.44970152e+00  2.65631354e+01
   9.01807530e+01 -2.08110869e+00 -2.02327699e+00 -6.82263212e-01
  -2.43960265e+00 -2.31197781e+00  1.91548887e+01 -2.05296391e+00
   5.30005180e+00  3.03808477e+02 -2.05213164e+00 -2.03311459e+00
  -4.07317107e+00 -4.08046937e+00 -4.10574349e+00 -3.77815487e+00
  -3.61569096e+00 -3.65318523e+00 -3.54353094e+00  1.35833280e-01]
 [ 1.78608566e+02  8.68478444e+01  9.88924584e+01  3.49394000e+02
   1.02630892e+02  0.00000000e+00 -3.25618310e-01 -4.92576105e-01
   7.33311966e+02  3.16893950e+01  1.36527920e+02  7.87529554e+01
   1.58729342e+01  3.15097983e+01  1.66179357e+00 -1.35886629e+00
   3.60496134e+01  1.23468299e+02 -6.59642429e-01 -3.04685959e+00
  -3.23949104e+00 -3.07367141e+00 -3.35364775e+00 -3.42138388e+00
   6.71044757e+02  2.72264387e+02  1.76730815e+02  4.05896680e+02
   2.15425828e+02  4.59079427e+02  7.05986488e+01  1.15854372e+01
  -4.74555843e-02 -1.09473103e-01 -1.24221657e-01  7.52799581e+02
   3.05637312e+01  2.72350012e+02  1.04303341e+02  9.89750021e+01
   8.02639393e+00 -2.52417267e+00 -2.96385567e+00  3.00275541e+01
   2.01342272e+02 -3.22981974e+00 -3.28769415e+00 -3.60550836e+00
  -1.55582013e+00 -1.70451901e+00 -1.96553485e+00  5.75084674e+00
  -2.09804492e+00 -2.14754257e+00 -1.94945623e+00 -2.06426929e+00
  -2.25223890e+00 -2.17033693e+00 -2.32500885e+00  1.16211717e+02
   3.62589477e+01  2.21084351e+01 -2.20294770e+00  6.96157243e-01
  -4.05938159e+00 -4.04595678e+00 -4.23281730e+00 -1.18350169e+00
  -3.62274103e+00 -3.87808751e+00  1.30891360e+01  8.97649634e+01]]